version https://git-lfs.github.com/spec/v1
oid sha256:c11afc7f3c496881d80ea24f4bd8452c627963a749361d0f4947066887f4eac3
size 9589392
