version https://git-lfs.github.com/spec/v1
oid sha256:366e1192834f4f5d112ffab12a22744b788ba014885dd8684a4f2839df51c7fb
size 9748278
